0.07563581111951034
0.4598238321890624
0.23344556855039578
0.9299283774962179
0.5948452118526839
0.09315030349630216
0.9485161887983466
0.3797823806241889
0.5296270942734664
0.7049703983726441
0.17887069198915673
0.5520420171676816
0.284245718439448
0.5489909989341704
0.49873348878897295
0.8164892355623163
0.9088760940462837
0.12725282890245682
0.5506413303247522
0.8855749735670044
0.9051881478981165
0.098225368263549
0.8095134727829816
0.04317866129827652
0.2275668375372406
0.8865488561438417
0.5892346270510744
0.2636424560676103
0.22098111231090845
0.9769930252517673
0.21564840792207662
0.9240925469089105
0.7485177983678464
0.20960347664222856
0.9622107131390003
0.5560546282833585
0.24931851394923954
0.6774722472260128
0.24502380751832642
0.25347993671940916
0.6863399529505072
0.6449395764161854
0.9235973241045592
0.9376023679152228
0.5516997060227993
0.29827299033266663
0.28440410348681366
0.845690472477163
0.9642025709111695
0.47622780094541417
0.33370481167003385
0.7146203045102799
0.5011294352998705
0.05302932632924473
0.20735467176992373
0.7109718690239828
0.8383355539010291
0.8473695183391585
0.8272933800351823
0.7773544546889535
0.09611249543935974
0.5606297627662606
0.14790996292615288
0.3670040330247206
0.26427116782348725
0.5618239126761289
0.4479844266816868
0.38856144157051453
0.8214527087355434
0.5579155980989043
0.15163093539070882
0.5871643118206646
0.7995551210748464
0.5030259910156507
0.19093519287876592
0.6255842521813793
0.26331136547285316
0.20475981717259795
0.4337687604279359
0.38854482401775847
0.8173997240333637
0.10138936888377037
0.9988880413638472
0.7165818592513666
0.9676450190335826
0.13419596972556214
0.22664450849704987
0.8917752486096955
0.2871762028847802
0.5393635220187634
0.1898300587473145
0.44091603640944355
0.21362918194639224
0.5303978629667494
0.919070643460481
0.3722515347395128
0.35256063112118663
0.05419242793326773
0.5072420641159969
0.17393811070792853
0.43194553433208527
0.4381294484440992
0.12968626596860733
0.5522265267877708
0.5203775360033198
0.2029702941001228
0.8153882503970173
0.5593971519197392
0.5824749221007037
0.369717868300405
0.34486884807473883
0.016021729895362435
0.07124773339858992
0.08468580410903948
0.9861615877119094
0.759814163371114
0.11397792578563792
0.4397787671691631
0.35933337642982877
0.29919190056309897
0.1854461692637368
0.13128247971549567
0.38094394626262806
0.8646446006737949
0.287819976660304
0.4942691226022575
0.591510132093084
0.21504412540534168
0.2867517364371328
0.7213909359570803
0.01454805698551409
0.36216341314610756
0.6186232274957193
0.9916377361863864
0.38908743863954953
0.572989231411891
0.15460453490960213
0.5454438024192665
0.0124834398817959
0.3972440870159395
0.5501840013807568
0.4155809297424582
0.38424533833822205
0.9491534208752339
0.4076739516954815
0.793526449011835
0.8695338358525655
0.8676334375640744
0.729121175658878
0.3823258901733808
0.6814426729485501
0.14539324243924634
0.11875993999310963
0.06745400005416258
0.9963605330319398
0.17226395118060456
0.5633808687304438
0.4853313863826876
0.035111653142755106
0.16097895706194665
0.8796682064294579
0.978186869262724
0.08373010820060078
0.11971413419951271
0.8605224897654984
0.18385457154329865
0.5923566096443202
0.6545148041253506
0.5656296764062001
0.8414095491859059
0.26111781850928684
0.47226273144858655
0.9529039607427112
0.276503897212069
0.6137142368339483
0.3600425161408156
0.3531069286737596
0.09361458650104137
0.38392259918863303
0.047275003813270766
0.9614064210554338
0.8046540282543799
0.4694109056086915
0.4384289289571257
0.19042971396939778
0.7621974367132212
0.8221786178863433
0.9817519086373925
0.4298537108782887
0.1536785001112586
0.30850875734148
0.454854144650096
0.29521887800427415
0.5589674343250859
0.7361115780561751
0.02891829053733641
0.8903158125415276
0.4407218193516338
0.9715227389486272
0.8787251005759851
0.20779468745526408
0.3931884399530432
0.5610421738632163
0.4379535443627438
0.8407780120624657
0.6002507501013434
0.5163510789725536
0.5013844509942955
0.08720768343132024
0.9813054116659341
0.9593364116491205
0.433118268965865
0.9927348370335352
0.7215107867808541
0.43605854046219616
0.1989163039127131
0.6209522205084759
0.7268427712999446
0.6938541630599449
0.5866472262945719
0.06199242561752971
0.6708328958116563
0.31680881487997503
0.7781702566853901
0.07293039771242404
0.5707415675311664
0.9892604937629343
0.9964688496048719
0.7827250707051927
0.5075300590057759
0.9297037904850876
0.9864230842402064
0.41041773352119915
0.6792576575908629
0.1196764532097161
0.14195103528339303
0.5312003777532408
0.45171127470041483
0.467979730838308
0.3162463105315547
0.3717332445412098
0.20597639465760986
0.898426479856911
0.6807721252605818
0.033530266571734746
0.5213660167829155
0.37864594792255346
0.06685058698460455
0.5427285409597815
0.9510454426538522
0.406264790114079
0.11579317172365466
0.8430957358528042
0.3939977505595784
0.13660246969117384
0.17638569092895073
0.4170334809992855
0.7691836967354884
0.2507970249860221
0.09925444317557885
0.07696834714551559
0.3805213476104119
0.5013647016689675
0.9750923033268586
0.007940230801380954
0.0019650436429612395
0.39942507668479643
0.20198301480085168
0.05068580482478158
0.8691321467994759
0.4639161398037237
0.1717938796041365
0.5190961183303628
0.8215844022540315
0.09810248747309003
0.9909473913152997
0.0029914250917311147
0.7345931834506954
0.5894345241526318
0.7391819468765608
0.5607941915769312
0.4146891052409645
0.6874928820304806
0.6047071661322174
0.45712378631211026
0.7788654755200608
0.4848966366987233
0.8181728619130029
0.8255482306824373
0.5799036725956492
0.4293356141049727
0.6698644547143504
0.26308149369629485
0.5243037259747569
0.020225733657602163
0.902250933426189
0.4377291891052957
0.21542115594539113
0.3848282274246606
0.23352127448364324